((0, 3, 0.04, 1.0), (-1, -1)): 0.0
((0, 3, 0.04, 1.0), (-1, 0)): 0.0
((0, 3, 0.04, 1.0), (-1, 1)): 0.0
((0, 3, 0.04, 1.0), (0, -1)): 0.0
((0, 3, 0.04, 1.0), (1, -1)): 0.0
((0, 3, 0.04, 1.0), (1, 0)): 0.0
((0, 3, 0.04, 1.0), 'bomb'): 0.0
((0, 3, 0.027777777777777776, 0.5), (-1, -1)): 0.0
((0, 3, 0.027777777777777776, 0.5), (-1, 0)): 0.0
((0, 3, 0.027777777777777776, 0.5), (-1, 1)): 0.0
((0, 3, 0.027777777777777776, 0.5), (0, -1)): 0.0
((0, 3, 0.027777777777777776, 0.5), (0, 1)): 0
((0, 3, 0.027777777777777776, 0.5), (1, -1)): 0
((0, 3, 0.027777777777777776, 0.5), (1, 0)): 0.0
((0, 3, 0.027777777777777776, 0.5), (1, 1)): 0.0
((0, 3, 0.027777777777777776, 0.5), 'bomb'): 0.0
((0, 1, 0.02040816326530612, 1.0), (-1, -1)): -3.0
((0, 1, 0.02040816326530612, 1.0), (-1, 0)): 0
((0, 1, 0.02040816326530612, 1.0), (-1, 1)): 0
((0, 1, 0.02040816326530612, 1.0), (0, -1)): 0
((0, 1, 0.02040816326530612, 1.0), (1, -1)): 0
((0, 1, 0.02040816326530612, 1.0), (1, 0)): 0
((0, 1, 0.02040816326530612, 1.0), 'bomb'): 0
((0, 3, 0.0625, 1.0), (-1, -1)): 0.0
((0, 3, 0.0625, 1.0), (-1, 0)): 0.0
((0, 3, 0.0625, 1.0), (-1, 1)): 0.0
((0, 3, 0.0625, 1.0), (0, -1)): 0.0
((0, 3, 0.0625, 1.0), (0, 1)): 0.0
((0, 3, 0.0625, 1.0), (1, -1)): 0.0
((0, 3, 0.0625, 1.0), (1, 1)): 0.0
((0, 3, 0.0625, 1.0), 'bomb'): 0.0
((0, 2, 0.1111111111111111, 1.0), (-1, -1)): 0.0
((0, 2, 0.1111111111111111, 1.0), (-1, 0)): 0
((0, 2, 0.1111111111111111, 1.0), (-1, 1)): 0
((0, 2, 0.1111111111111111, 1.0), (0, 1)): -3.0
((0, 2, 0.1111111111111111, 1.0), (1, 0)): 0.0
((0, 2, 0.1111111111111111, 1.0), (1, 1)): 0
((0, 2, 0.1111111111111111, 1.0), 'bomb'): 0
((0, 3, 0.015625, 1.0), (-1, -1)): 0.0
((0, 3, 0.015625, 1.0), (-1, 1)): 0.0
((0, 3, 0.015625, 1.0), (0, -1)): 0.0
((0, 3, 0.015625, 1.0), (0, 1)): 0.0
((0, 3, 0.015625, 1.0), (1, -1)): 0.0
((0, 3, 0.015625, 1.0), (1, 0)): 0.0
((0, 3, 0.015625, 1.0), (1, 1)): 0.0
((0, 3, 0.015625, 1.0), 'bomb'): 0.0
((0, 3, 0.012345679012345678, 0.5), (-1, -1)): 0.0
((0, 3, 0.012345679012345678, 0.5), (-1, 0)): 0.0
((0, 3, 0.012345679012345678, 0.5), (0, -1)): 0
((0, 3, 0.012345679012345678, 0.5), (0, 1)): 0
((0, 3, 0.012345679012345678, 0.5), (1, -1)): 0.0
((0, 3, 0.012345679012345678, 0.5), (1, 0)): 0
((0, 3, 0.012345679012345678, 0.5), (1, 1)): 0
((0, 3, 0.012345679012345678, 0.5), 'bomb'): 0.0
((0, 2, 0.015625, 0.5), (-1, -1)): 0
((0, 2, 0.015625, 0.5), (-1, 0)): 0
((0, 2, 0.015625, 0.5), (-1, 1)): 0
((0, 2, 0.015625, 0.5), (0, -1)): 0
((0, 2, 0.015625, 0.5), (0, 1)): 0
((0, 2, 0.015625, 0.5), (1, -1)): -3.0
((0, 2, 0.015625, 0.5), (1, 0)): -3.0
((0, 2, 0.015625, 0.5), (1, 1)): 0
((0, 2, 0.015625, 0.5), 'bomb'): 0.0
((0, 3, 0.006944444444444444, 1.0), (-1, -1)): 0
((0, 3, 0.006944444444444444, 1.0), (-1, 0)): 0.0
((0, 3, 0.006944444444444444, 1.0), (-1, 1)): 0.0
((0, 3, 0.006944444444444444, 1.0), (0, -1)): 0
((0, 3, 0.006944444444444444, 1.0), (0, 1)): 0.0
((0, 3, 0.006944444444444444, 1.0), (1, -1)): 0
((0, 3, 0.006944444444444444, 1.0), (1, 1)): 0.0
((0, 3, 0.006944444444444444, 1.0), 'bomb'): 0
((0, 2, 0.008264462809917356, 1.0), (-1, -1)): 0
((0, 2, 0.008264462809917356, 1.0), (-1, 0)): -3.0
((0, 2, 0.008264462809917356, 1.0), (-1, 1)): 0
((0, 2, 0.008264462809917356, 1.0), (0, 1)): 0
((0, 2, 0.008264462809917356, 1.0), (1, 0)): 0
((0, 2, 0.008264462809917356, 1.0), (1, 1)): 0
((0, 2, 0.008264462809917356, 1.0), 'bomb'): 0
((0, 2, 0.0625, 1.0), (-1, -1)): 0
((0, 2, 0.0625, 1.0), (-1, 0)): 0
((0, 2, 0.0625, 1.0), (-1, 1)): -3.0
((0, 2, 0.0625, 1.0), (0, -1)): 0.0
((0, 2, 0.0625, 1.0), (0, 1)): -3.0
((0, 2, 0.0625, 1.0), (1, -1)): 0.0
((0, 2, 0.0625, 1.0), (1, 1)): 0.0
((0, 2, 0.0625, 1.0), 'bomb'): 0.0
((1, 2, 0.0625, 0.5), (-1, -1)): 0
((1, 2, 0.0625, 0.5), (-1, 0)): 0
((1, 2, 0.0625, 0.5), (-1, 1)): 0
((1, 2, 0.0625, 0.5), (0, -1)): 0
((1, 2, 0.0625, 0.5), (0, 1)): 0.0
((1, 2, 0.0625, 0.5), (1, 0)): 0
((1, 2, 0.0625, 0.5), (1, 1)): 0.0
((3, 1, 0.1111111111111111, 0.5), (-1, -1)): 0
((3, 1, 0.1111111111111111, 0.5), (-1, 0)): 0
((3, 1, 0.1111111111111111, 0.5), (-1, 1)): 0
((3, 1, 0.1111111111111111, 0.5), (0, -1)): 0
((3, 1, 0.1111111111111111, 0.5), (0, 1)): 0
((3, 1, 0.1111111111111111, 0.5), (1, -1)): 0
((3, 1, 0.1111111111111111, 0.5), (1, 0)): 0
((3, 1, 0.1111111111111111, 0.5), (1, 1)): -3.0
((0, 2, 0.015625, 1.0), (-1, -1)): 0.0
((0, 2, 0.015625, 1.0), (-1, 1)): 0.0
((0, 2, 0.015625, 1.0), (0, -1)): 0.0
((0, 2, 0.015625, 1.0), (0, 1)): 0.0
((0, 2, 0.015625, 1.0), (1, -1)): 0
((0, 2, 0.015625, 1.0), (1, 0)): 0
((0, 2, 0.015625, 1.0), (1, 1)): 0
((0, 2, 0.015625, 1.0), 'bomb'): 0
((0, 2, 0.012345679012345678, 0.5), (-1, -1)): 0
((0, 2, 0.012345679012345678, 0.5), (-1, 0)): 0
((0, 2, 0.012345679012345678, 0.5), (0, -1)): 0.0
((0, 2, 0.012345679012345678, 0.5), (0, 1)): 0
((0, 2, 0.012345679012345678, 0.5), (1, -1)): 0.0
((0, 2, 0.012345679012345678, 0.5), (1, 0)): 0
((0, 2, 0.012345679012345678, 0.5), (1, 1)): 0.0
((0, 2, 0.012345679012345678, 0.5), 'bomb'): 0
((0, 2, 0.01, 0.5), (-1, -1)): 0
((0, 2, 0.01, 0.5), (-1, 0)): 0
((0, 2, 0.01, 0.5), (-1, 1)): 0
((0, 2, 0.01, 0.5), (0, -1)): 0
((0, 2, 0.01, 0.5), (0, 1)): 0
((0, 2, 0.01, 0.5), (1, -1)): 0
((0, 2, 0.01, 0.5), (1, 0)): 0.0
((0, 2, 0.01, 0.5), (1, 1)): 0
((0, 2, 0.01, 0.5), 'bomb'): 0.0
((0, 1, 0.01, 0.5), (-1, -1)): 0
((0, 1, 0.01, 0.5), (-1, 0)): -3.0
((0, 1, 0.01, 0.5), (-1, 1)): 0
((0, 1, 0.01, 0.5), (0, -1)): 0
((0, 1, 0.01, 0.5), (0, 1)): -3.0
((0, 1, 0.01, 0.5), (1, -1)): 0
((0, 1, 0.01, 0.5), (1, 0)): -3.0
((0, 1, 0.01, 0.5), (1, 1)): 0
((0, 1, 0.01, 0.5), 'bomb'): 0
((0, 3, 0.04, 0.5), (-1, -1)): 0.0
((0, 3, 0.04, 0.5), (-1, 0)): 0.0
((0, 3, 0.04, 0.5), (-1, 1)): 0.0
((0, 3, 0.04, 0.5), (0, -1)): 0
((0, 3, 0.04, 0.5), (0, 1)): 0.0
((0, 3, 0.04, 0.5), (1, -1)): 0.0
((0, 3, 0.04, 0.5), (1, 0)): 0.0
((0, 3, 0.04, 0.5), (1, 1)): 0
((0, 3, 0.04, 0.5), 'bomb'): 0.0
((0, 3, 0.027777777777777776, 0.25), (-1, -1)): 0
((0, 3, 0.027777777777777776, 0.25), (-1, 0)): 0
((0, 3, 0.027777777777777776, 0.25), (-1, 1)): 0
((0, 3, 0.027777777777777776, 0.25), (0, -1)): 0
((0, 3, 0.027777777777777776, 0.25), (0, 1)): 0
((0, 3, 0.027777777777777776, 0.25), (1, -1)): 0
((0, 3, 0.027777777777777776, 0.25), (1, 0)): 0.0
((0, 3, 0.027777777777777776, 0.25), (1, 1)): 0
((0, 3, 0.027777777777777776, 0.25), 'bomb'): 0
((0, 3, 0.04, 0.3333333333333333), (-1, -1)): 0
((0, 3, 0.04, 0.3333333333333333), (-1, 0)): 0
((0, 3, 0.04, 0.3333333333333333), (-1, 1)): 0.0
((0, 3, 0.04, 0.3333333333333333), (0, -1)): 0.0
((0, 3, 0.04, 0.3333333333333333), (0, 1)): 0
((0, 3, 0.04, 0.3333333333333333), (1, -1)): 0
((0, 3, 0.04, 0.3333333333333333), (1, 0)): 0.0
((0, 3, 0.04, 0.3333333333333333), (1, 1)): 0.0
((0, 3, 0.04, 0.3333333333333333), 'bomb'): 0
((0, 3, 0.0625, 0.3333333333333333), (-1, -1)): 0
((0, 3, 0.0625, 0.3333333333333333), (-1, 0)): 0
((0, 3, 0.0625, 0.3333333333333333), (-1, 1)): 0
((0, 3, 0.0625, 0.3333333333333333), (0, -1)): 0
((0, 3, 0.0625, 0.3333333333333333), (0, 1)): 0
((0, 3, 0.0625, 0.3333333333333333), (1, -1)): 0
((0, 3, 0.0625, 0.3333333333333333), (1, 0)): 0
((0, 3, 0.0625, 0.3333333333333333), (1, 1)): 0.0
((0, 3, 0.0625, 0.3333333333333333), 'bomb'): 0
((0, 3, 0.1111111111111111, 0.3333333333333333), (-1, -1)): 0
((0, 3, 0.1111111111111111, 0.3333333333333333), (-1, 0)): 0
((0, 3, 0.1111111111111111, 0.3333333333333333), (0, -1)): 0
((0, 3, 0.1111111111111111, 0.3333333333333333), (1, -1)): 0
((0, 3, 0.1111111111111111, 0.3333333333333333), (1, 0)): 0.0
((0, 3, 0.1111111111111111, 0.3333333333333333), 'bomb'): 0
((0, 1, 0.25, 0.3333333333333333), (-1, -1)): 0
((0, 1, 0.25, 0.3333333333333333), (-1, 0)): -3.0
((0, 1, 0.25, 0.3333333333333333), (0, -1)): 0
((0, 1, 0.25, 0.3333333333333333), (1, -1)): 0
((0, 1, 0.25, 0.3333333333333333), (1, 0)): 0
((0, 1, 0.25, 0.3333333333333333), 'bomb'): 0
((0, 1, 0.25, 1.0), (-1, 0)): 0
((0, 1, 0.25, 1.0), (-1, 1)): 0
((0, 1, 0.25, 1.0), (0, 1)): 0
((0, 1, 0.25, 1.0), (1, 0)): 0
((0, 1, 0.25, 1.0), (1, 1)): 0
((0, 1, 0.25, 1.0), 'bomb'): -3.0
((0, 2, 0.04, 1.0), (-1, -1)): 0
((0, 2, 0.04, 1.0), (-1, 0)): 0
((0, 2, 0.04, 1.0), (-1, 1)): -3.0
((0, 2, 0.04, 1.0), (0, -1)): 0
((0, 2, 0.04, 1.0), (1, -1)): 0.0
((0, 2, 0.04, 1.0), (1, 0)): 0
((0, 2, 0.04, 1.0), 'bomb'): 0
((0, 1, 0.012345679012345678, 0.5), (-1, -1)): 0
((0, 1, 0.012345679012345678, 0.5), (-1, 0)): 0
((0, 1, 0.012345679012345678, 0.5), (0, -1)): 0
((0, 1, 0.012345679012345678, 0.5), (0, 1)): 0
((0, 1, 0.012345679012345678, 0.5), (1, -1)): -3.0
((0, 1, 0.012345679012345678, 0.5), (1, 0)): -3.0
((0, 1, 0.012345679012345678, 0.5), (1, 1)): 0
((0, 1, 0.012345679012345678, 0.5), 'bomb'): 0
((2, 2, 0.02040816326530612, 0.3333333333333333), (-1, -1)): 0
((2, 2, 0.02040816326530612, 0.3333333333333333), (-1, 0)): 0
((2, 2, 0.02040816326530612, 0.3333333333333333), (-1, 1)): 0
((2, 2, 0.02040816326530612, 0.3333333333333333), (0, -1)): 0
((2, 2, 0.02040816326530612, 0.3333333333333333), (0, 1)): 0
((2, 2, 0.02040816326530612, 0.3333333333333333), (1, -1)): 0
((2, 2, 0.02040816326530612, 0.3333333333333333), (1, 0)): 0
((2, 2, 0.02040816326530612, 0.3333333333333333), (1, 1)): 0.0
((4, 1, 0.02040816326530612, 0.5), (-1, -1)): 0
((4, 1, 0.02040816326530612, 0.5), (-1, 0)): 0
((4, 1, 0.02040816326530612, 0.5), (-1, 1)): 0
((4, 1, 0.02040816326530612, 0.5), (0, -1)): 0
((4, 1, 0.02040816326530612, 0.5), (0, 1)): 0
((4, 1, 0.02040816326530612, 0.5), (1, -1)): 0
((4, 1, 0.02040816326530612, 0.5), (1, 0)): 0
((4, 1, 0.02040816326530612, 0.5), (1, 1)): -3.0
((0, 2, 0.04, 0.3333333333333333), (-1, -1)): 0.0
((0, 2, 0.04, 0.3333333333333333), (-1, 0)): 0.0
((0, 2, 0.04, 0.3333333333333333), (-1, 1)): -3.0
((0, 2, 0.04, 0.3333333333333333), (0, -1)): 0.0
((0, 2, 0.04, 0.3333333333333333), (0, 1)): 0
((0, 2, 0.04, 0.3333333333333333), (1, -1)): 0.0
((0, 2, 0.04, 0.3333333333333333), (1, 0)): 0.0
((0, 2, 0.04, 0.3333333333333333), (1, 1)): 0
((0, 2, 0.04, 0.3333333333333333), 'bomb'): 0
((0, 3, 0.012345679012345678, 1.0), (-1, -1)): 0
((0, 3, 0.012345679012345678, 1.0), (-1, 0)): 0
((0, 3, 0.012345679012345678, 1.0), (0, -1)): 0
((0, 3, 0.012345679012345678, 1.0), (1, -1)): 0
((0, 3, 0.012345679012345678, 1.0), (1, 0)): 0
((0, 3, 0.012345679012345678, 1.0), (1, 1)): 0.0
((0, 3, 0.012345679012345678, 1.0), 'bomb'): 0.0
((1, 1, 0.015625, 0.3333333333333333), (-1, -1)): 0
((1, 1, 0.015625, 0.3333333333333333), (-1, 0)): 0
((1, 1, 0.015625, 0.3333333333333333), (-1, 1)): 0
((1, 1, 0.015625, 0.3333333333333333), (0, -1)): 0
((1, 1, 0.015625, 0.3333333333333333), (0, 1)): 0
((1, 1, 0.015625, 0.3333333333333333), (1, -1)): 0
((1, 1, 0.015625, 0.3333333333333333), (1, 0)): -3.0
((1, 1, 0.015625, 0.3333333333333333), (1, 1)): 0
((0, 1, 0.02040816326530612, 0.5), (-1, 0)): 0
((0, 1, 0.02040816326530612, 0.5), (-1, 1)): 0
((0, 1, 0.02040816326530612, 0.5), (0, -1)): -3.0
((0, 1, 0.02040816326530612, 0.5), (0, 1)): 0
((0, 1, 0.02040816326530612, 0.5), (1, -1)): 0
((0, 1, 0.02040816326530612, 0.5), (1, 0)): -3.0
((0, 1, 0.02040816326530612, 0.5), (1, 1)): -3.0
((0, 1, 0.02040816326530612, 0.5), 'bomb'): 0
((1, 3, 0.027777777777777776, 0.5), (-1, -1)): 0
((1, 3, 0.027777777777777776, 0.5), (-1, 0)): 0
((1, 3, 0.027777777777777776, 0.5), (-1, 1)): 0.0
((1, 3, 0.027777777777777776, 0.5), (0, -1)): 0
((1, 3, 0.027777777777777776, 0.5), (0, 1)): 0
((1, 3, 0.027777777777777776, 0.5), (1, -1)): 0
((1, 3, 0.027777777777777776, 0.5), (1, 0)): 0.0
((1, 3, 0.027777777777777776, 0.5), (1, 1)): 0
((2, 3, 0.04, 0.3333333333333333), (-1, -1)): 0
((2, 3, 0.04, 0.3333333333333333), (-1, 0)): 0
((2, 3, 0.04, 0.3333333333333333), (-1, 1)): 0
((2, 3, 0.04, 0.3333333333333333), (0, -1)): 0
((2, 3, 0.04, 0.3333333333333333), (0, 1)): 0.0
((2, 3, 0.04, 0.3333333333333333), (1, -1)): 0
((2, 3, 0.04, 0.3333333333333333), (1, 0)): 0
((2, 3, 0.04, 0.3333333333333333), (1, 1)): 0.0
((3, 3, 0.04, 0.5), (-1, -1)): 0
((3, 3, 0.04, 0.5), (-1, 0)): 0
((3, 3, 0.04, 0.5), (-1, 1)): 0
((3, 3, 0.04, 0.5), (0, -1)): 0.0
((3, 3, 0.04, 0.5), (0, 1)): 0
((3, 3, 0.04, 0.5), (1, -1)): 0
((3, 3, 0.04, 0.5), (1, 0)): 0
((3, 3, 0.04, 0.5), (1, 1)): 0
((2, 1, 0.0625, 1.0), (-1, -1)): 0
((2, 1, 0.0625, 1.0), (-1, 0)): 0
((2, 1, 0.0625, 1.0), (-1, 1)): 0
((2, 1, 0.0625, 1.0), (0, -1)): 0
((2, 1, 0.0625, 1.0), (0, 1)): 0
((2, 1, 0.0625, 1.0), (1, -1)): -3.0
((2, 1, 0.0625, 1.0), (1, 1)): 0
((2, 1, 0.02040816326530612, 0.3333333333333333), (-1, -1)): 0
((2, 1, 0.02040816326530612, 0.3333333333333333), (-1, 0)): 0
((2, 1, 0.02040816326530612, 0.3333333333333333), (-1, 1)): -3.0
((2, 1, 0.02040816326530612, 0.3333333333333333), (0, -1)): 0
((2, 1, 0.02040816326530612, 0.3333333333333333), (0, 1)): 0
((2, 1, 0.02040816326530612, 0.3333333333333333), (1, -1)): 0
((2, 1, 0.02040816326530612, 0.3333333333333333), (1, 0)): 0
((2, 1, 0.02040816326530612, 0.3333333333333333), (1, 1)): -3.0
((0, 2, 0.02040816326530612, 0.5), (-1, 0)): 0.0
((0, 2, 0.02040816326530612, 0.5), (-1, 1)): 0.0
((0, 2, 0.02040816326530612, 0.5), (0, -1)): 0
((0, 2, 0.02040816326530612, 0.5), (0, 1)): 0
((0, 2, 0.02040816326530612, 0.5), (1, -1)): 0
((0, 2, 0.02040816326530612, 0.5), (1, 0)): -3.0
((0, 2, 0.02040816326530612, 0.5), (1, 1)): 0
((0, 2, 0.02040816326530612, 0.5), 'bomb'): 0
((0, 1, 0.02040816326530612, 1.0), (0, 1)): 0
((0, 1, 0.02040816326530612, 1.0), (1, 1)): -3.0
((0, 2, 0.012345679012345678, 1.0), (-1, -1)): 0.0
((0, 2, 0.012345679012345678, 1.0), (-1, 0)): 0.0
((0, 2, 0.012345679012345678, 1.0), (0, -1)): 0
((0, 2, 0.012345679012345678, 1.0), (1, -1)): 0
((0, 2, 0.012345679012345678, 1.0), (1, 0)): 0
((0, 2, 0.012345679012345678, 1.0), (1, 1)): 0
((0, 2, 0.012345679012345678, 1.0), 'bomb'): 0.0
((0, 2, 0.008264462809917356, 0.5), (-1, -1)): 0
((0, 2, 0.008264462809917356, 0.5), (-1, 0)): 0
((0, 2, 0.008264462809917356, 0.5), (-1, 1)): 0
((0, 2, 0.008264462809917356, 0.5), (0, -1)): 0
((0, 2, 0.008264462809917356, 0.5), (0, 1)): 0
((0, 2, 0.008264462809917356, 0.5), (1, -1)): 0
((0, 2, 0.008264462809917356, 0.5), (1, 0)): 0.0
((0, 2, 0.008264462809917356, 0.5), (1, 1)): 0
((0, 2, 0.008264462809917356, 0.5), 'bomb'): 0
((0, 3, 0.01, 0.5), (-1, -1)): 0.0
((0, 3, 0.01, 0.5), (-1, 0)): 0.0
((0, 3, 0.01, 0.5), (-1, 1)): 0.0
((0, 3, 0.01, 0.5), (0, -1)): 0.0
((0, 3, 0.01, 0.5), (0, 1)): 0.0
((0, 3, 0.01, 0.5), (1, -1)): 0.0
((0, 3, 0.01, 0.5), (1, 0)): 0.0
((0, 3, 0.01, 0.5), (1, 1)): 0.0
((0, 3, 0.01, 0.5), 'bomb'): 0.0
((0, 3, 0.02040816326530612, 0.5), (-1, 0)): 0.0
((0, 3, 0.02040816326530612, 0.5), (-1, 1)): 0
((0, 3, 0.02040816326530612, 0.5), (0, -1)): 0.0
((0, 3, 0.02040816326530612, 0.5), (0, 1)): 0
((0, 3, 0.02040816326530612, 0.5), (1, -1)): 0
((0, 3, 0.02040816326530612, 0.5), (1, 0)): 0.0
((0, 3, 0.02040816326530612, 0.5), (1, 1)): 0.0
((0, 3, 0.02040816326530612, 0.5), 'bomb'): 0.0
((1, 2, 0.027777777777777776, 0.5), (-1, -1)): 0.0
((1, 2, 0.027777777777777776, 0.5), (-1, 0)): 0
((1, 2, 0.027777777777777776, 0.5), (-1, 1)): 0
((1, 2, 0.027777777777777776, 0.5), (0, -1)): 0
((1, 2, 0.027777777777777776, 0.5), (0, 1)): 0
((1, 2, 0.027777777777777776, 0.5), (1, -1)): 0
((1, 2, 0.027777777777777776, 0.5), (1, 0)): 0.0
((1, 2, 0.027777777777777776, 0.5), (1, 1)): 0
((1, 2, 0.02040816326530612, 1.0), (-1, 0)): 0
((1, 2, 0.02040816326530612, 1.0), (-1, 1)): 0
((1, 2, 0.02040816326530612, 1.0), (0, 1)): 0
((1, 2, 0.02040816326530612, 1.0), (1, -1)): 0
((1, 2, 0.02040816326530612, 1.0), (1, 0)): 0.0
((1, 2, 0.02040816326530612, 1.0), (1, 1)): 0
((1, 1, 0.02040816326530612, 0.5), (-1, 0)): -3.0
((1, 1, 0.02040816326530612, 0.5), (-1, 1)): 0
((1, 1, 0.02040816326530612, 0.5), (0, -1)): 0
((1, 1, 0.02040816326530612, 0.5), (0, 1)): 0
((1, 1, 0.02040816326530612, 0.5), (1, -1)): 0
((1, 1, 0.02040816326530612, 0.5), (1, 0)): -3.0
((1, 1, 0.02040816326530612, 0.5), (1, 1)): 0
((0, 2, 0.027777777777777776, 0.3333333333333333), (-1, -1)): 0
((0, 2, 0.027777777777777776, 0.3333333333333333), (-1, 0)): 0
((0, 2, 0.027777777777777776, 0.3333333333333333), (-1, 1)): 0
((0, 2, 0.027777777777777776, 0.3333333333333333), (0, -1)): 0
((0, 2, 0.027777777777777776, 0.3333333333333333), (0, 1)): 0
((0, 2, 0.027777777777777776, 0.3333333333333333), (1, -1)): 0
((0, 2, 0.027777777777777776, 0.3333333333333333), (1, 0)): 0
((0, 2, 0.027777777777777776, 0.3333333333333333), (1, 1)): 0.0
((0, 2, 0.027777777777777776, 0.3333333333333333), 'bomb'): 0
((0, 2, 0.04, 0.5), (-1, -1)): 0
((0, 2, 0.04, 0.5), (-1, 0)): 0.0
((0, 2, 0.04, 0.5), (-1, 1)): 0.0
((0, 2, 0.04, 0.5), (0, -1)): 0
((0, 2, 0.04, 0.5), (0, 1)): 0
((0, 2, 0.04, 0.5), (1, -1)): 0.0
((0, 2, 0.04, 0.5), (1, 0)): 0.0
((0, 2, 0.04, 0.5), (1, 1)): 0
((0, 2, 0.04, 0.5), 'bomb'): 0.0
((0, 1, 0.04, 0.5), (-1, -1)): 0
((0, 1, 0.04, 0.5), (-1, 0)): 0
((0, 1, 0.04, 0.5), (-1, 1)): -3.0
((0, 1, 0.04, 0.5), (0, -1)): 0
((0, 1, 0.04, 0.5), (0, 1)): 0
((0, 1, 0.04, 0.5), (1, -1)): 0
((0, 1, 0.04, 0.5), (1, 0)): 0
((0, 1, 0.04, 0.5), 'bomb'): -3.0
((0, 1, 0.0625, 0.5), (-1, -1)): 0
((0, 1, 0.0625, 0.5), (-1, 0)): -3.0
((0, 1, 0.0625, 0.5), (-1, 1)): 0
((0, 1, 0.0625, 0.5), (0, -1)): 0
((0, 1, 0.0625, 0.5), (0, 1)): 0
((0, 1, 0.0625, 0.5), (1, 0)): 0
((0, 1, 0.0625, 0.5), (1, 1)): 0
((0, 1, 0.0625, 0.5), 'bomb'): 0
((1, 3, 0.04, 1.0), (-1, -1)): 0
((1, 3, 0.04, 1.0), (-1, 0)): 0
((1, 3, 0.04, 1.0), (-1, 1)): 0.0
((1, 3, 0.04, 1.0), (0, -1)): 0
((1, 3, 0.04, 1.0), (1, -1)): 0
((1, 3, 0.04, 1.0), (1, 0)): 0
((2, 3, 0.0625, 1.0), (-1, -1)): 0
((2, 3, 0.0625, 1.0), (-1, 0)): 0
((2, 3, 0.0625, 1.0), (-1, 1)): 0
((2, 3, 0.0625, 1.0), (0, -1)): 0
((2, 3, 0.0625, 1.0), (0, 1)): 0
((2, 3, 0.0625, 1.0), (1, -1)): 0
((2, 3, 0.0625, 1.0), (1, 1)): 0.0
((0, 3, 0.005917159763313609, 1.0), (-1, -1)): 0.0
((0, 3, 0.005917159763313609, 1.0), (-1, 0)): 0.0
((0, 3, 0.005917159763313609, 1.0), (-1, 1)): 0.0
((0, 3, 0.005917159763313609, 1.0), (0, -1)): 0.0
((0, 3, 0.005917159763313609, 1.0), (1, -1)): 0
((0, 3, 0.005917159763313609, 1.0), (1, 0)): 0.0
((0, 3, 0.005917159763313609, 1.0), 'bomb'): 0.0
((0, 3, 0.005917159763313609, 0.5), (-1, -1)): 0
((0, 3, 0.005917159763313609, 0.5), (-1, 0)): 0.0
((0, 3, 0.005917159763313609, 0.5), (-1, 1)): 0
((0, 3, 0.005917159763313609, 0.5), (0, -1)): 0
((0, 3, 0.005917159763313609, 0.5), (0, 1)): 0
((0, 3, 0.005917159763313609, 0.5), (1, -1)): 0.0
((0, 3, 0.005917159763313609, 0.5), (1, 0)): 0.0
((0, 3, 0.005917159763313609, 0.5), 'bomb'): 0
((1, 3, 0.005917159763313609, 1.0), (-1, -1)): 0.0
((1, 3, 0.005917159763313609, 1.0), (-1, 0)): 0
((1, 3, 0.005917159763313609, 1.0), (-1, 1)): 0.0
((1, 3, 0.005917159763313609, 1.0), (0, -1)): 0
((1, 3, 0.005917159763313609, 1.0), (1, -1)): 0
((1, 3, 0.005917159763313609, 1.0), (1, 0)): 0
((1, 3, 0.005917159763313609, 0.5), (-1, -1)): 0
((1, 3, 0.005917159763313609, 0.5), (-1, 0)): 0
((1, 3, 0.005917159763313609, 0.5), (-1, 1)): 0
((1, 3, 0.005917159763313609, 0.5), (0, -1)): 0
((1, 3, 0.005917159763313609, 0.5), (0, 1)): 0.0
((1, 3, 0.005917159763313609, 0.5), (1, -1)): 0
((1, 3, 0.005917159763313609, 0.5), (1, 0)): 0
((2, 2, 0.006944444444444444, 1.0), (-1, -1)): 0.0
((2, 2, 0.006944444444444444, 1.0), (-1, 0)): 0.0
((2, 2, 0.006944444444444444, 1.0), (-1, 1)): 0
((2, 2, 0.006944444444444444, 1.0), (0, -1)): 0
((2, 2, 0.006944444444444444, 1.0), (0, 1)): 0
((2, 2, 0.006944444444444444, 1.0), (1, -1)): 0
((2, 2, 0.006944444444444444, 1.0), (1, 1)): 0
((3, 1, 0.006944444444444444, 0.5), (-1, -1)): 0
((3, 1, 0.006944444444444444, 0.5), (-1, 0)): 0
((3, 1, 0.006944444444444444, 0.5), (-1, 1)): 0
((3, 1, 0.006944444444444444, 0.5), (0, -1)): 0
((3, 1, 0.006944444444444444, 0.5), (0, 1)): 0
((3, 1, 0.006944444444444444, 0.5), (1, -1)): 0
((3, 1, 0.006944444444444444, 0.5), (1, 0)): -3.0
((3, 1, 0.006944444444444444, 0.5), (1, 1)): 0
((1, 3, 0.01, 0.5), (-1, -1)): 0
((1, 3, 0.01, 0.5), (-1, 0)): 0
((1, 3, 0.01, 0.5), (-1, 1)): 0
((1, 3, 0.01, 0.5), (0, -1)): 0
((1, 3, 0.01, 0.5), (0, 1)): 0
((1, 3, 0.01, 0.5), (1, -1)): 0
((1, 3, 0.01, 0.5), (1, 0)): 0.0
((1, 3, 0.01, 0.5), (1, 1)): 0
((2, 2, 0.01, 0.5), (-1, -1)): 0
((2, 2, 0.01, 0.5), (-1, 0)): 0
((2, 2, 0.01, 0.5), (-1, 1)): 0.0
((2, 2, 0.01, 0.5), (0, -1)): 0
((2, 2, 0.01, 0.5), (0, 1)): 0.0
((2, 2, 0.01, 0.5), (1, -1)): 0
((2, 2, 0.01, 0.5), (1, 0)): 0
((2, 2, 0.01, 0.5), (1, 1)): 0
((1, 1, 0.012345679012345678, 0.3333333333333333), (-1, -1)): 0
((1, 1, 0.012345679012345678, 0.3333333333333333), (-1, 0)): 0
((1, 1, 0.012345679012345678, 0.3333333333333333), (-1, 1)): 0
((1, 1, 0.012345679012345678, 0.3333333333333333), (0, -1)): -3.0
((1, 1, 0.012345679012345678, 0.3333333333333333), (0, 1)): 0
((1, 1, 0.012345679012345678, 0.3333333333333333), (1, -1)): 0
((1, 1, 0.012345679012345678, 0.3333333333333333), (1, 0)): 0
((1, 1, 0.012345679012345678, 0.3333333333333333), (1, 1)): 0
((0, 1, 0.008264462809917356, 1.0), (-1, -1)): 0
((0, 1, 0.008264462809917356, 1.0), (-1, 0)): 0
((0, 1, 0.008264462809917356, 1.0), (-1, 1)): 0
((0, 1, 0.008264462809917356, 1.0), (0, 1)): -3.0
((0, 1, 0.008264462809917356, 1.0), (1, 0)): 0
((0, 1, 0.008264462809917356, 1.0), (1, 1)): 0
((0, 1, 0.008264462809917356, 1.0), 'bomb'): -3.0
((0, 3, 0.0625, 0.5), (-1, -1)): 0
((0, 3, 0.0625, 0.5), (-1, 0)): 0.0
((0, 3, 0.0625, 0.5), (-1, 1)): 0.0
((0, 3, 0.0625, 0.5), (0, -1)): 0.0
((0, 3, 0.0625, 0.5), (0, 1)): 0
((0, 3, 0.0625, 0.5), (1, 0)): 0
((0, 3, 0.0625, 0.5), (1, 1)): 0
((0, 3, 0.0625, 0.5), 'bomb'): 0
((2, 2, 0.027777777777777776, 0.5), (-1, -1)): 0
((2, 2, 0.027777777777777776, 0.5), (-1, 0)): 0
((2, 2, 0.027777777777777776, 0.5), (-1, 1)): 0.0
((2, 2, 0.027777777777777776, 0.5), (0, -1)): 0.0
((2, 2, 0.027777777777777776, 0.5), (0, 1)): 0
((2, 2, 0.027777777777777776, 0.5), (1, -1)): 0
((2, 2, 0.027777777777777776, 0.5), (1, 0)): 0
((2, 2, 0.027777777777777776, 0.5), (1, 1)): 0
((2, 1, 0.04, 1.0), (-1, -1)): 0
((2, 1, 0.04, 1.0), (-1, 0)): 0
((2, 1, 0.04, 1.0), (-1, 1)): 0
((2, 1, 0.04, 1.0), (0, -1)): -3.0
((2, 1, 0.04, 1.0), (1, -1)): 0
((2, 1, 0.04, 1.0), (1, 0)): 0
((0, 3, 0.02040816326530612, 0.5), (-1, -1)): 0.0
((1, 1, 0.02040816326530612, 1.0), (-1, -1)): 0
((1, 1, 0.02040816326530612, 1.0), (-1, 0)): -3.0
((1, 1, 0.02040816326530612, 1.0), (-1, 1)): 0
((1, 1, 0.02040816326530612, 1.0), (0, -1)): 0
((1, 1, 0.02040816326530612, 1.0), (1, -1)): 0
((1, 1, 0.02040816326530612, 1.0), (1, 0)): 0
((0, 1, 0.027777777777777776, 0.5), (-1, -1)): 0
((0, 1, 0.027777777777777776, 0.5), (-1, 0)): -3.0
((0, 1, 0.027777777777777776, 0.5), (-1, 1)): -3.0
((0, 1, 0.027777777777777776, 0.5), (0, -1)): 0
((0, 1, 0.027777777777777776, 0.5), (0, 1)): -3.0
((0, 1, 0.027777777777777776, 0.5), (1, -1)): 0
((0, 1, 0.027777777777777776, 0.5), (1, 0)): -3.0
((0, 1, 0.027777777777777776, 0.5), (1, 1)): 0
((0, 1, 0.027777777777777776, 0.5), 'bomb'): -3.0
((0, 3, 0.02040816326530612, 0.3333333333333333), (-1, -1)): 0
((0, 3, 0.02040816326530612, 0.3333333333333333), (-1, 0)): 0.0
((0, 3, 0.02040816326530612, 0.3333333333333333), (-1, 1)): 0.0
((0, 3, 0.02040816326530612, 0.3333333333333333), (0, -1)): 0
((0, 3, 0.02040816326530612, 0.3333333333333333), (0, 1)): 0
((0, 3, 0.02040816326530612, 0.3333333333333333), (1, -1)): 0
((0, 3, 0.02040816326530612, 0.3333333333333333), (1, 0)): 0
((0, 3, 0.02040816326530612, 0.3333333333333333), (1, 1)): 0
((0, 3, 0.02040816326530612, 0.3333333333333333), 'bomb'): 0
((2, 2, 0.015625, 1.0), (-1, -1)): 0
((2, 2, 0.015625, 1.0), (-1, 1)): 0.0
((2, 2, 0.015625, 1.0), (0, -1)): 0
((2, 2, 0.015625, 1.0), (0, 1)): 0
((2, 2, 0.015625, 1.0), (1, -1)): 0.0
((2, 2, 0.015625, 1.0), (1, 0)): 0
((2, 2, 0.015625, 1.0), (1, 1)): 0
((2, 1, 0.02040816326530612, 1.0), (-1, 0)): 0
((2, 1, 0.02040816326530612, 1.0), (-1, 1)): 0
((2, 1, 0.02040816326530612, 1.0), (0, 1)): 0
((2, 1, 0.02040816326530612, 1.0), (1, -1)): 0
((2, 1, 0.02040816326530612, 1.0), (1, 0)): 0
((2, 1, 0.02040816326530612, 1.0), (1, 1)): -3.0
((0, 3, 0.008264462809917356, 0.5), (-1, -1)): 0.0
((0, 3, 0.008264462809917356, 0.5), (-1, 0)): 0.0
((0, 3, 0.008264462809917356, 0.5), (-1, 1)): 0
((0, 3, 0.008264462809917356, 0.5), (0, -1)): 0.0
((0, 3, 0.008264462809917356, 0.5), (0, 1)): 0
((0, 3, 0.008264462809917356, 0.5), (1, 0)): 0
((0, 3, 0.008264462809917356, 0.5), (1, 1)): 0
((0, 3, 0.008264462809917356, 0.5), 'bomb'): 0
((0, 2, 0.006944444444444444, 1.0), (-1, -1)): 0.0
((0, 2, 0.006944444444444444, 1.0), (-1, 0)): 0
((0, 2, 0.006944444444444444, 1.0), (-1, 1)): 0.0
((0, 2, 0.006944444444444444, 1.0), (0, -1)): 0
((0, 2, 0.006944444444444444, 1.0), (0, 1)): 0
((0, 2, 0.006944444444444444, 1.0), (1, -1)): 0.0
((0, 2, 0.006944444444444444, 1.0), (1, 1)): 0.0
((0, 2, 0.006944444444444444, 1.0), 'bomb'): 0
((0, 2, 0.005917159763313609, 0.5), (-1, -1)): 0
((0, 2, 0.005917159763313609, 0.5), (-1, 0)): 0
((0, 2, 0.005917159763313609, 0.5), (-1, 1)): 0.0
((0, 2, 0.005917159763313609, 0.5), (0, -1)): 0
((0, 2, 0.005917159763313609, 0.5), (0, 1)): 0
((0, 2, 0.005917159763313609, 0.5), (1, -1)): 0
((0, 2, 0.005917159763313609, 0.5), (1, 0)): 0
((0, 2, 0.005917159763313609, 0.5), 'bomb'): 0
((0, 1, 0.006944444444444444, 0.5), (-1, -1)): 0
((0, 1, 0.006944444444444444, 0.5), (-1, 0)): 0
((0, 1, 0.006944444444444444, 0.5), (-1, 1)): 0
((0, 1, 0.006944444444444444, 0.5), (0, -1)): 0
((0, 1, 0.006944444444444444, 0.5), (0, 1)): 0
((0, 1, 0.006944444444444444, 0.5), (1, -1)): -3.0
((0, 1, 0.006944444444444444, 0.5), (1, 0)): 0
((0, 1, 0.006944444444444444, 0.5), (1, 1)): 0
((0, 1, 0.006944444444444444, 0.5), 'bomb'): 0
((0, 3, 0.027777777777777776, 0.3333333333333333), (-1, -1)): 0
((0, 3, 0.027777777777777776, 0.3333333333333333), (-1, 0)): 0
((0, 3, 0.027777777777777776, 0.3333333333333333), (-1, 1)): 0
((0, 3, 0.027777777777777776, 0.3333333333333333), (0, -1)): 0
((0, 3, 0.027777777777777776, 0.3333333333333333), (0, 1)): 0
((0, 3, 0.027777777777777776, 0.3333333333333333), (1, -1)): 0
((0, 3, 0.027777777777777776, 0.3333333333333333), (1, 0)): 0
((0, 3, 0.027777777777777776, 0.3333333333333333), (1, 1)): 0.0
((0, 3, 0.027777777777777776, 0.3333333333333333), 'bomb'): 0
((0, 1, 0.0625, 0.3333333333333333), (-1, -1)): 0
((0, 1, 0.0625, 0.3333333333333333), (-1, 0)): 0
((0, 1, 0.0625, 0.3333333333333333), (-1, 1)): 0
((0, 1, 0.0625, 0.3333333333333333), (0, -1)): 0
((0, 1, 0.0625, 0.3333333333333333), (0, 1)): -3.0
((0, 1, 0.0625, 0.3333333333333333), (1, -1)): 0
((0, 1, 0.0625, 0.3333333333333333), (1, 0)): -3.0
((0, 1, 0.0625, 0.3333333333333333), (1, 1)): 0
((0, 1, 0.0625, 0.3333333333333333), 'bomb'): 0
((0, 3, 1.0, 0.5), (-1, -1)): 0
((0, 3, 1.0, 0.5), (-1, 0)): 0
((0, 3, 1.0, 0.5), (-1, 1)): 0
((0, 3, 1.0, 0.5), (0, -1)): 0.0
((0, 3, 1.0, 0.5), (0, 1)): 0
((0, 3, 1.0, 0.5), (1, -1)): 0
((0, 3, 1.0, 0.5), (1, 0)): 0
((0, 3, 1.0, 0.5), (1, 1)): 0
((0, 3, 1.0, 0.5), 'bomb'): 0
((0, 3, 0.1111111111111111, 1.0), (-1, -1)): 0.0
((0, 3, 0.1111111111111111, 1.0), (-1, 0)): 0
((0, 3, 0.1111111111111111, 1.0), (-1, 1)): 0
((0, 3, 0.1111111111111111, 1.0), (0, 1)): 0.0
((0, 3, 0.1111111111111111, 1.0), (1, 0)): 0.0
((0, 3, 0.1111111111111111, 1.0), (1, 1)): 0
((0, 3, 0.1111111111111111, 1.0), 'bomb'): 0.0
((0, 2, 0.25, 1.0), (-1, 0)): 0
((0, 2, 0.25, 1.0), (-1, 1)): 0.0
((0, 2, 0.25, 1.0), (0, 1)): 0.0
((0, 2, 0.25, 1.0), (1, 0)): 0
((0, 2, 0.25, 1.0), (1, 1)): 0
((0, 2, 0.25, 1.0), 'bomb'): 0
((0, 1, 0.25, 0.5), (-1, -1)): 0
((0, 1, 0.25, 0.5), (-1, 0)): 0
((0, 1, 0.25, 0.5), (-1, 1)): 0
((0, 1, 0.25, 0.5), (0, -1)): 0
((0, 1, 0.25, 0.5), (0, 1)): 0
((0, 1, 0.25, 0.5), (1, -1)): 0
((0, 1, 0.25, 0.5), (1, 0)): 0
((0, 1, 0.25, 0.5), (1, 1)): 0
((0, 1, 0.25, 0.5), 'bomb'): -3.0
((0, 1, 0.0625, 1.0), (-1, -1)): -3.0
((0, 1, 0.0625, 1.0), (-1, 0)): 0
((0, 1, 0.0625, 1.0), (-1, 1)): 0
((0, 1, 0.0625, 1.0), (0, -1)): 0
((0, 1, 0.0625, 1.0), (0, 1)): 0
((0, 1, 0.0625, 1.0), (1, -1)): 0
((0, 1, 0.0625, 1.0), (1, 1)): 0
((0, 1, 0.0625, 1.0), 'bomb'): 0
((3, 2, 0.04, 1.0), (-1, -1)): 0
((3, 2, 0.04, 1.0), (-1, 0)): -3.0
((3, 2, 0.04, 1.0), (-1, 1)): 0
((3, 2, 0.04, 1.0), (0, -1)): 0
((3, 2, 0.04, 1.0), (1, -1)): 0
((3, 2, 0.04, 1.0), (1, 0)): 0
((0, 2, 0.0625, 0.5), (-1, -1)): 0
((0, 2, 0.0625, 0.5), (-1, 0)): 0
((0, 2, 0.0625, 0.5), (-1, 1)): 0
((0, 2, 0.0625, 0.5), (0, -1)): 0
((0, 2, 0.0625, 0.5), (0, 1)): 0.0
((0, 2, 0.0625, 0.5), (1, 0)): 0
((0, 2, 0.0625, 0.5), (1, 1)): 0
((0, 2, 0.0625, 0.5), 'bomb'): 0
((2, 2, 1.0, 0.5), (-1, -1)): 0
((2, 2, 1.0, 0.5), (-1, 0)): 0
((2, 2, 1.0, 0.5), (-1, 1)): 0
((2, 2, 1.0, 0.5), (0, -1)): 0.0
((2, 2, 1.0, 0.5), (0, 1)): 0
((2, 2, 1.0, 0.5), (1, -1)): 0
((2, 2, 1.0, 0.5), (1, 0)): 0
((2, 2, 1.0, 0.5), (1, 1)): 0
((1, 1, 0.1111111111111111, 1.0), (-1, 0)): 0
((1, 1, 0.1111111111111111, 1.0), (-1, 1)): 0
((1, 1, 0.1111111111111111, 1.0), (0, 1)): 0
((1, 1, 0.1111111111111111, 1.0), (1, 0)): -3.0
((1, 1, 0.1111111111111111, 1.0), (1, 1)): 0
((0, 1, 0.015625, 0.5), (-1, -1)): 0
((0, 1, 0.015625, 0.5), (-1, 0)): -3.0
((0, 1, 0.015625, 0.5), (-1, 1)): 0
((0, 1, 0.015625, 0.5), (0, -1)): 0
((0, 1, 0.015625, 0.5), (0, 1)): 0
((0, 1, 0.015625, 0.5), (1, -1)): 0
((0, 1, 0.015625, 0.5), (1, 0)): 0
((0, 1, 0.015625, 0.5), (1, 1)): 0
((0, 1, 0.015625, 0.5), 'bomb'): 0
((0, 3, 0.006944444444444444, 1.0), (1, 0)): 0
((4, 2, 0.1111111111111111, 0.3333333333333333), (-1, -1)): 0
((4, 2, 0.1111111111111111, 0.3333333333333333), (-1, 0)): 0
((4, 2, 0.1111111111111111, 0.3333333333333333), (0, -1)): 0
((4, 2, 0.1111111111111111, 0.3333333333333333), (1, -1)): 0.0
((4, 2, 0.1111111111111111, 0.3333333333333333), (1, 0)): 0
((4, 1, 0.25, 0.5), (-1, -1)): 0
((4, 1, 0.25, 0.5), (-1, 0)): 0
((4, 1, 0.25, 0.5), (-1, 1)): 0
((4, 1, 0.25, 0.5), (0, -1)): 0
((4, 1, 0.25, 0.5), (0, 1)): 0
((4, 1, 0.25, 0.5), (1, -1)): 0
((4, 1, 0.25, 0.5), (1, 0)): -3.0
((4, 1, 0.25, 0.5), (1, 1)): 0
((0, 2, 0.005917159763313609, 1.0), (-1, -1)): 0.0
((0, 2, 0.005917159763313609, 1.0), (-1, 0)): 0
((0, 2, 0.005917159763313609, 1.0), (-1, 1)): 0.0
((0, 2, 0.005917159763313609, 1.0), (0, -1)): 0.0
((0, 2, 0.005917159763313609, 1.0), (1, -1)): 0
((0, 2, 0.005917159763313609, 1.0), (1, 0)): 0.0
((0, 2, 0.005917159763313609, 1.0), 'bomb'): 0.0
((0, 3, 0.00510204081632653, 0.5), (-1, -1)): 0
((0, 3, 0.00510204081632653, 0.5), (-1, 0)): 0
((0, 3, 0.00510204081632653, 0.5), (-1, 1)): 0.0
((0, 3, 0.00510204081632653, 0.5), (0, -1)): 0
((0, 3, 0.00510204081632653, 0.5), (0, 1)): 0.0
((0, 3, 0.00510204081632653, 0.5), (1, -1)): 0.0
((0, 3, 0.00510204081632653, 0.5), (1, 0)): 0
((0, 3, 0.00510204081632653, 0.5), (1, 1)): 0
((0, 3, 0.00510204081632653, 0.5), 'bomb'): 0
((0, 2, 0.02040816326530612, 0.3333333333333333), (-1, -1)): 0
((0, 2, 0.02040816326530612, 0.3333333333333333), (-1, 0)): 0
((0, 2, 0.02040816326530612, 0.3333333333333333), (-1, 1)): 0.0
((0, 2, 0.02040816326530612, 0.3333333333333333), (0, -1)): 0
((0, 2, 0.02040816326530612, 0.3333333333333333), (0, 1)): 0
((0, 2, 0.02040816326530612, 0.3333333333333333), (1, -1)): 0.0
((0, 2, 0.02040816326530612, 0.3333333333333333), (1, 0)): 0.0
((0, 2, 0.02040816326530612, 0.3333333333333333), (1, 1)): 0
((0, 2, 0.02040816326530612, 0.3333333333333333), 'bomb'): 0
((0, 2, 0.015625, 0.3333333333333333), (-1, -1)): 0
((0, 2, 0.015625, 0.3333333333333333), (-1, 0)): 0
((0, 2, 0.015625, 0.3333333333333333), (-1, 1)): 0
((0, 2, 0.015625, 0.3333333333333333), (0, -1)): 0
((0, 2, 0.015625, 0.3333333333333333), (0, 1)): 0
((0, 2, 0.015625, 0.3333333333333333), (1, -1)): 0.0
((0, 2, 0.015625, 0.3333333333333333), (1, 0)): 0
((0, 2, 0.015625, 0.3333333333333333), (1, 1)): 0
((0, 2, 0.015625, 0.3333333333333333), 'bomb'): 0
((0, 2, 0.012345679012345678, 0.3333333333333333), (-1, -1)): 0.0
((0, 2, 0.012345679012345678, 0.3333333333333333), (-1, 0)): 0
((0, 2, 0.012345679012345678, 0.3333333333333333), (-1, 1)): 0
((0, 2, 0.012345679012345678, 0.3333333333333333), (0, -1)): 0
((0, 2, 0.012345679012345678, 0.3333333333333333), (0, 1)): 0
((0, 2, 0.012345679012345678, 0.3333333333333333), 'bomb'): 0
((0, 2, 0.01, 1.0), (-1, -1)): 0
((0, 2, 0.01, 1.0), (-1, 0)): 0
((0, 2, 0.01, 1.0), (0, -1)): 0.0
((0, 2, 0.01, 1.0), (1, -1)): 0
((0, 2, 0.01, 1.0), (1, 0)): -3.0
((0, 2, 0.01, 1.0), 'bomb'): 0
((1, 2, 0.02040816326530612, 0.5), (-1, -1)): 0
((1, 2, 0.02040816326530612, 0.5), (-1, 0)): 0
((1, 2, 0.02040816326530612, 0.5), (-1, 1)): 0
((1, 2, 0.02040816326530612, 0.5), (0, -1)): 0.0
((1, 2, 0.02040816326530612, 0.5), (0, 1)): 0
((1, 2, 0.02040816326530612, 0.5), (1, -1)): 0
((1, 2, 0.02040816326530612, 0.5), (1, 0)): 0
((1, 2, 0.02040816326530612, 0.5), (1, 1)): 0
((2, 2, 0.02040816326530612, 1.0), (-1, 0)): 0
((2, 2, 0.02040816326530612, 1.0), (-1, 1)): 0
((2, 2, 0.02040816326530612, 1.0), (0, 1)): -3.0
((2, 2, 0.02040816326530612, 1.0), (1, -1)): 0
((2, 2, 0.02040816326530612, 1.0), (1, 0)): 0
((2, 2, 0.02040816326530612, 1.0), (1, 1)): 0
((2, 2, 0.1111111111111111, 1.0), (-1, -1)): 0
((2, 2, 0.1111111111111111, 1.0), (-1, 0)): 0
((2, 2, 0.1111111111111111, 1.0), (-1, 1)): 0.0
((2, 2, 0.1111111111111111, 1.0), (0, 1)): 0
((2, 2, 0.1111111111111111, 1.0), (1, 0)): 0
((2, 2, 0.1111111111111111, 1.0), (1, 1)): 0
((2, 1, 0.0625, 0.3333333333333333), (-1, -1)): -3.0
((2, 1, 0.0625, 0.3333333333333333), (-1, 0)): 0
((2, 1, 0.0625, 0.3333333333333333), (-1, 1)): -3.0
((2, 1, 0.0625, 0.3333333333333333), (0, -1)): 0
((2, 1, 0.0625, 0.3333333333333333), (0, 1)): 0
((2, 1, 0.0625, 0.3333333333333333), (1, -1)): 0
((2, 1, 0.0625, 0.3333333333333333), (1, 0)): 0
((2, 1, 0.0625, 0.3333333333333333), (1, 1)): 0
((0, 1, 0.008264462809917356, 0.3333333333333333), (-1, -1)): 0
((0, 1, 0.008264462809917356, 0.3333333333333333), (-1, 0)): 0
((0, 1, 0.008264462809917356, 0.3333333333333333), (-1, 1)): 0
((0, 1, 0.008264462809917356, 0.3333333333333333), (0, -1)): 0
((0, 1, 0.008264462809917356, 0.3333333333333333), (0, 1)): 0
((0, 1, 0.008264462809917356, 0.3333333333333333), (1, -1)): 0
((0, 1, 0.008264462809917356, 0.3333333333333333), (1, 0)): 0
((0, 1, 0.008264462809917356, 0.3333333333333333), (1, 1)): -3.0
((0, 1, 0.008264462809917356, 0.3333333333333333), 'bomb'): 0
((0, 3, 0.005917159763313609, 0.3333333333333333), (-1, -1)): 0
((0, 3, 0.005917159763313609, 0.3333333333333333), (-1, 0)): 0
((0, 3, 0.005917159763313609, 0.3333333333333333), (-1, 1)): 0
((0, 3, 0.005917159763313609, 0.3333333333333333), (0, -1)): 0.0
((0, 3, 0.005917159763313609, 0.3333333333333333), (0, 1)): 0
((0, 3, 0.005917159763313609, 0.3333333333333333), (1, -1)): 0
((0, 3, 0.005917159763313609, 0.3333333333333333), (1, 0)): 0
((0, 3, 0.005917159763313609, 0.3333333333333333), (1, 1)): 0.0
((0, 3, 0.005917159763313609, 0.3333333333333333), 'bomb'): 0.0
((0, 1, 0.006944444444444444, 1.0), (-1, -1)): 0
((0, 1, 0.006944444444444444, 1.0), (-1, 0)): 0
((0, 1, 0.006944444444444444, 1.0), (-1, 1)): 0
((0, 1, 0.006944444444444444, 1.0), (0, -1)): 0
((0, 1, 0.006944444444444444, 1.0), (0, 1)): 0
((0, 1, 0.006944444444444444, 1.0), (1, -1)): 0
((0, 1, 0.006944444444444444, 1.0), (1, 1)): -3.0
((0, 1, 0.006944444444444444, 1.0), 'bomb'): 0
((2, 3, 0.01, 0.5), (-1, -1)): 0
((2, 3, 0.01, 0.5), (-1, 0)): 0.0
((2, 3, 0.01, 0.5), (-1, 1)): 0
((2, 3, 0.01, 0.5), (0, -1)): 0
((2, 3, 0.01, 0.5), (0, 1)): 0
((2, 3, 0.01, 0.5), (1, -1)): 0
((2, 3, 0.01, 0.5), (1, 0)): 0
((2, 3, 0.01, 0.5), (1, 1)): 0
((3, 3, 0.006944444444444444, 0.5), (-1, -1)): 0.0
((3, 3, 0.006944444444444444, 0.5), (-1, 0)): 0
((3, 3, 0.006944444444444444, 0.5), (-1, 1)): 0
((3, 3, 0.006944444444444444, 0.5), (0, -1)): 0
((3, 3, 0.006944444444444444, 0.5), (0, 1)): 0
((3, 3, 0.006944444444444444, 0.5), (1, -1)): 0
((3, 3, 0.006944444444444444, 0.5), (1, 0)): 0
((3, 3, 0.006944444444444444, 0.5), (1, 1)): 0
((4, 3, 0.008264462809917356, 0.3333333333333333), (-1, -1)): 0
((4, 3, 0.008264462809917356, 0.3333333333333333), (-1, 0)): 0
((4, 3, 0.008264462809917356, 0.3333333333333333), (-1, 1)): 0
((4, 3, 0.008264462809917356, 0.3333333333333333), (0, -1)): 0
((4, 3, 0.008264462809917356, 0.3333333333333333), (0, 1)): 0
((4, 3, 0.008264462809917356, 0.3333333333333333), (1, -1)): 0.0
((4, 3, 0.008264462809917356, 0.3333333333333333), (1, 0)): 0
((4, 3, 0.008264462809917356, 0.3333333333333333), (1, 1)): 0
((4, 2, 0.006944444444444444, 0.5), (-1, -1)): 0
((4, 2, 0.006944444444444444, 0.5), (-1, 0)): 0
((4, 2, 0.006944444444444444, 0.5), (-1, 1)): 0
((4, 2, 0.006944444444444444, 0.5), (0, -1)): 0.0
((4, 2, 0.006944444444444444, 0.5), (0, 1)): 0
((4, 2, 0.006944444444444444, 0.5), (1, -1)): 0
((4, 2, 0.006944444444444444, 0.5), (1, 0)): 0
((4, 2, 0.006944444444444444, 0.5), (1, 1)): 0
((5, 1, 0.005917159763313609, 0.3333333333333333), (-1, -1)): 0
((5, 1, 0.005917159763313609, 0.3333333333333333), (-1, 0)): 0
((5, 1, 0.005917159763313609, 0.3333333333333333), (-1, 1)): 0
((5, 1, 0.005917159763313609, 0.3333333333333333), (0, -1)): 0
((5, 1, 0.005917159763313609, 0.3333333333333333), (0, 1)): -3.0
((5, 1, 0.005917159763313609, 0.3333333333333333), (1, -1)): 0
((5, 1, 0.005917159763313609, 0.3333333333333333), (1, 0)): 0
((5, 1, 0.005917159763313609, 0.3333333333333333), (1, 1)): 0
((0, 1, 0.02040816326530612, 0.3333333333333333), (-1, -1)): -3.0
((0, 1, 0.02040816326530612, 0.3333333333333333), (-1, 0)): 0
((0, 1, 0.02040816326530612, 0.3333333333333333), (-1, 1)): 0
((0, 1, 0.02040816326530612, 0.3333333333333333), (0, -1)): 0
((0, 1, 0.02040816326530612, 0.3333333333333333), (0, 1)): -3.0
((0, 1, 0.02040816326530612, 0.3333333333333333), (1, -1)): 0
((0, 1, 0.02040816326530612, 0.3333333333333333), (1, 0)): 0
((0, 1, 0.02040816326530612, 0.3333333333333333), (1, 1)): 0
((0, 1, 0.02040816326530612, 0.3333333333333333), 'bomb'): 0
((1, 2, 0.006944444444444444, 0.5), (-1, -1)): 0
((1, 2, 0.006944444444444444, 0.5), (-1, 0)): 0
((1, 2, 0.006944444444444444, 0.5), (-1, 1)): 0.0
((1, 2, 0.006944444444444444, 0.5), (0, -1)): 0
((1, 2, 0.006944444444444444, 0.5), (0, 1)): 0
((1, 2, 0.006944444444444444, 0.5), (1, -1)): 0
((1, 2, 0.006944444444444444, 0.5), (1, 0)): 0
((1, 2, 0.006944444444444444, 0.5), (1, 1)): 0
((3, 1, 0.008264462809917356, 0.3333333333333333), (-1, -1)): 0
((3, 1, 0.008264462809917356, 0.3333333333333333), (-1, 0)): 0
((3, 1, 0.008264462809917356, 0.3333333333333333), (-1, 1)): 0
((3, 1, 0.008264462809917356, 0.3333333333333333), (0, -1)): 0
((3, 1, 0.008264462809917356, 0.3333333333333333), (0, 1)): -3.0
((3, 1, 0.008264462809917356, 0.3333333333333333), (1, -1)): 0
((3, 1, 0.008264462809917356, 0.3333333333333333), (1, 0)): 0
((3, 1, 0.008264462809917356, 0.3333333333333333), (1, 1)): 0
((0, 2, 0.1111111111111111, 0.5), (-1, -1)): 0
((0, 2, 0.1111111111111111, 0.5), (-1, 0)): -3.0
((0, 2, 0.1111111111111111, 0.5), (-1, 1)): 0
((0, 2, 0.1111111111111111, 0.5), (0, -1)): 0
((0, 2, 0.1111111111111111, 0.5), (0, 1)): 0
((0, 2, 0.1111111111111111, 0.5), (1, -1)): 0
((0, 2, 0.1111111111111111, 0.5), (1, 0)): 0
((0, 2, 0.1111111111111111, 0.5), (1, 1)): 0
((0, 2, 0.1111111111111111, 0.5), 'bomb'): 0
((2, 2, 0.005917159763313609, 0.3333333333333333), (-1, -1)): 0
((2, 2, 0.005917159763313609, 0.3333333333333333), (-1, 0)): 0
((2, 2, 0.005917159763313609, 0.3333333333333333), (-1, 1)): 0.0
((2, 2, 0.005917159763313609, 0.3333333333333333), (0, -1)): 0
((2, 2, 0.005917159763313609, 0.3333333333333333), (0, 1)): 0
((2, 2, 0.005917159763313609, 0.3333333333333333), (1, -1)): 0
((2, 2, 0.005917159763313609, 0.3333333333333333), (1, 0)): 0
((2, 2, 0.005917159763313609, 0.3333333333333333), (1, 1)): 0
((4, 1, 0.006944444444444444, 0.3333333333333333), (-1, -1)): 0
((4, 1, 0.006944444444444444, 0.3333333333333333), (-1, 0)): 0
((4, 1, 0.006944444444444444, 0.3333333333333333), (-1, 1)): 0
((4, 1, 0.006944444444444444, 0.3333333333333333), (0, -1)): 0
((4, 1, 0.006944444444444444, 0.3333333333333333), (0, 1)): 0
((4, 1, 0.006944444444444444, 0.3333333333333333), (1, -1)): 0
((4, 1, 0.006944444444444444, 0.3333333333333333), (1, 0)): 0
((4, 1, 0.006944444444444444, 0.3333333333333333), (1, 1)): -3.0
((0, 3, 0.02040816326530612, 1.0), (-1, -1)): 0.0
((0, 3, 0.02040816326530612, 1.0), (-1, 0)): 0
((0, 3, 0.02040816326530612, 1.0), (0, -1)): 0
((0, 3, 0.02040816326530612, 1.0), (1, -1)): 0.0
((0, 3, 0.02040816326530612, 1.0), (1, 0)): 0
((0, 3, 0.02040816326530612, 1.0), 'bomb'): 0
((0, 1, 0.1111111111111111, 0.5), (-1, -1)): 0
((0, 1, 0.1111111111111111, 0.5), (-1, 0)): 0
((0, 1, 0.1111111111111111, 0.5), (-1, 1)): 0
((0, 1, 0.1111111111111111, 0.5), (0, -1)): 0
((0, 1, 0.1111111111111111, 0.5), (0, 1)): 0
((0, 1, 0.1111111111111111, 0.5), (1, -1)): -3.0
((0, 1, 0.1111111111111111, 0.5), (1, 0)): 0
((0, 1, 0.1111111111111111, 0.5), (1, 1)): 0
((0, 1, 0.1111111111111111, 0.5), 'bomb'): 0
((0, 1, 0.027777777777777776, 0.25), (-1, -1)): 0
((0, 1, 0.027777777777777776, 0.25), (-1, 0)): 0
((0, 1, 0.027777777777777776, 0.25), (-1, 1)): 0
((0, 1, 0.027777777777777776, 0.25), (0, -1)): 0
((0, 1, 0.027777777777777776, 0.25), (0, 1)): 0
((0, 1, 0.027777777777777776, 0.25), (1, -1)): 0
((0, 1, 0.027777777777777776, 0.25), (1, 0)): 0
((0, 1, 0.027777777777777776, 0.25), (1, 1)): -3.0
((0, 1, 0.027777777777777776, 0.25), 'bomb'): 0
((2, 2, 0.04, 0.3333333333333333), (-1, -1)): 0
((2, 2, 0.04, 0.3333333333333333), (-1, 0)): 0
((2, 2, 0.04, 0.3333333333333333), (-1, 1)): 0
((2, 2, 0.04, 0.3333333333333333), (0, -1)): 0
((2, 2, 0.04, 0.3333333333333333), (0, 1)): 0.0
((2, 2, 0.04, 0.3333333333333333), (1, -1)): 0
((2, 2, 0.04, 0.3333333333333333), (1, 0)): 0
((2, 2, 0.04, 0.3333333333333333), (1, 1)): 0
((3, 1, 0.04, 0.25), (-1, -1)): 0
((3, 1, 0.04, 0.25), (-1, 0)): 0
((3, 1, 0.04, 0.25), (-1, 1)): 0
((3, 1, 0.04, 0.25), (0, -1)): 0
((3, 1, 0.04, 0.25), (0, 1)): 0
((3, 1, 0.04, 0.25), (1, -1)): -3.0
((3, 1, 0.04, 0.25), (1, 0)): 0
((3, 1, 0.04, 0.25), (1, 1)): 0
((0, 2, 0.027777777777777776, 1.0), (-1, -1)): 0.0
((0, 2, 0.027777777777777776, 1.0), (-1, 0)): 0
((0, 2, 0.027777777777777776, 1.0), (-1, 1)): 0
((0, 2, 0.027777777777777776, 1.0), (0, -1)): 0
((0, 2, 0.027777777777777776, 1.0), (1, -1)): 0.0
((0, 2, 0.027777777777777776, 1.0), (1, 0)): 0
((0, 2, 0.027777777777777776, 1.0), 'bomb'): 0
((0, 1, 0.04, 0.3333333333333333), (-1, -1)): 0
((0, 1, 0.04, 0.3333333333333333), (-1, 0)): 0
((0, 1, 0.04, 0.3333333333333333), (-1, 1)): 0
((0, 1, 0.04, 0.3333333333333333), (0, -1)): -3.0
((0, 1, 0.04, 0.3333333333333333), (0, 1)): 0
((0, 1, 0.04, 0.3333333333333333), (1, -1)): 0
((0, 1, 0.04, 0.3333333333333333), (1, 0)): -3.0
((0, 1, 0.04, 0.3333333333333333), (1, 1)): 0
((0, 1, 0.04, 0.3333333333333333), 'bomb'): 0
((0, 3, 0.00510204081632653, 1.0), (-1, -1)): 0
((0, 3, 0.00510204081632653, 1.0), (-1, 0)): 0
((0, 3, 0.00510204081632653, 1.0), (0, -1)): 0.0
((0, 3, 0.00510204081632653, 1.0), (1, -1)): 0
((0, 3, 0.00510204081632653, 1.0), (1, 0)): 0
((0, 3, 0.00510204081632653, 1.0), 'bomb'): 0
((0, 3, 0.02040816326530612, 1.0), (-1, 1)): 0
((0, 3, 0.02040816326530612, 1.0), (0, 1)): 0.0
((0, 3, 0.02040816326530612, 1.0), (1, 1)): 0
((0, 1, 0.015625, 1.0), (-1, -1)): 0
((0, 1, 0.015625, 1.0), (-1, 1)): 0
((0, 1, 0.015625, 1.0), (0, -1)): 0
((0, 1, 0.015625, 1.0), (0, 1)): 0
((0, 1, 0.015625, 1.0), (1, -1)): 0
((0, 1, 0.015625, 1.0), (1, 0)): -3.0
((0, 1, 0.015625, 1.0), (1, 1)): 0
((0, 1, 0.015625, 1.0), 'bomb'): 0
((0, 2, 0.027777777777777776, 0.5), (-1, -1)): 0
((0, 2, 0.027777777777777776, 0.5), (-1, 0)): 0
((0, 2, 0.027777777777777776, 0.5), (-1, 1)): -3.0
((0, 2, 0.027777777777777776, 0.5), (0, -1)): 0.0
((0, 2, 0.027777777777777776, 0.5), (0, 1)): 0
((0, 2, 0.027777777777777776, 0.5), (1, -1)): 0
((0, 2, 0.027777777777777776, 0.5), (1, 0)): 0.0
((0, 2, 0.027777777777777776, 0.5), (1, 1)): 0
((0, 2, 0.027777777777777776, 0.5), 'bomb'): 0.0
((1, 3, 0.015625, 1.0), (-1, -1)): 0.0
((1, 3, 0.015625, 1.0), (-1, 1)): 0.0
((1, 3, 0.015625, 1.0), (0, -1)): 0
((1, 3, 0.015625, 1.0), (0, 1)): 0
((1, 3, 0.015625, 1.0), (1, -1)): 0
((1, 3, 0.015625, 1.0), (1, 0)): 0.0
((1, 3, 0.015625, 1.0), (1, 1)): 0
((2, 3, 0.015625, 0.5), (-1, -1)): 0
((2, 3, 0.015625, 0.5), (-1, 0)): 0.0
((2, 3, 0.015625, 0.5), (-1, 1)): 0
((2, 3, 0.015625, 0.5), (0, -1)): 0
((2, 3, 0.015625, 0.5), (0, 1)): 0
((2, 3, 0.015625, 0.5), (1, -1)): 0
((2, 3, 0.015625, 0.5), (1, 0)): 0
((2, 3, 0.015625, 0.5), (1, 1)): 0
((3, 2, 0.02040816326530612, 1.0), (-1, 0)): 0
((3, 2, 0.02040816326530612, 1.0), (-1, 1)): 0
((3, 2, 0.02040816326530612, 1.0), (0, 1)): 0
((3, 2, 0.02040816326530612, 1.0), (1, -1)): 0.0
((3, 2, 0.02040816326530612, 1.0), (1, 0)): 0
((3, 2, 0.02040816326530612, 1.0), (1, 1)): 0
((1, 2, 0.015625, 1.0), (-1, -1)): 0
((1, 2, 0.015625, 1.0), (-1, 1)): 0
((1, 2, 0.015625, 1.0), (0, -1)): 0
((1, 2, 0.015625, 1.0), (0, 1)): 0
((1, 2, 0.015625, 1.0), (1, -1)): 0
((1, 2, 0.015625, 1.0), (1, 0)): 0.0
((1, 2, 0.015625, 1.0), (1, 1)): 0
((2, 2, 0.015625, 0.5), (-1, -1)): 0
((2, 2, 0.015625, 0.5), (-1, 0)): 0
((2, 2, 0.015625, 0.5), (-1, 1)): 0
((2, 2, 0.015625, 0.5), (0, -1)): 0
((2, 2, 0.015625, 0.5), (0, 1)): 0
((2, 2, 0.015625, 0.5), (1, -1)): 0
((2, 2, 0.015625, 0.5), (1, 0)): 0.0
((2, 2, 0.015625, 0.5), (1, 1)): 0.0
((3, 2, 0.015625, 0.3333333333333333), (-1, -1)): 0
((3, 2, 0.015625, 0.3333333333333333), (-1, 0)): 0
((3, 2, 0.015625, 0.3333333333333333), (-1, 1)): 0.0
((3, 2, 0.015625, 0.3333333333333333), (0, -1)): 0
((3, 2, 0.015625, 0.3333333333333333), (0, 1)): 0
((3, 2, 0.015625, 0.3333333333333333), (1, -1)): 0
((3, 2, 0.015625, 0.3333333333333333), (1, 0)): 0
((3, 2, 0.015625, 0.3333333333333333), (1, 1)): 0
((2, 2, 0.008264462809917356, 1.0), (-1, 0)): 0
((2, 2, 0.008264462809917356, 1.0), (-1, 1)): 0
((2, 2, 0.008264462809917356, 1.0), (0, 1)): 0
((2, 2, 0.008264462809917356, 1.0), (1, 0)): 0
((2, 2, 0.008264462809917356, 1.0), (1, 1)): 0.0
((2, 1, 0.01, 0.5), (-1, -1)): 0
((2, 1, 0.01, 0.5), (-1, 0)): 0
((2, 1, 0.01, 0.5), (-1, 1)): 0
((2, 1, 0.01, 0.5), (0, -1)): 0
((2, 1, 0.01, 0.5), (0, 1)): -3.0
((0, 2, 0.027777777777777776, 0.25), (-1, -1)): 0
((0, 2, 0.027777777777777776, 0.25), (-1, 0)): 0.0
((0, 2, 0.027777777777777776, 0.25), (-1, 1)): 0
((0, 2, 0.027777777777777776, 0.25), (0, -1)): 0
((0, 2, 0.027777777777777776, 0.25), (0, 1)): 0
((0, 2, 0.027777777777777776, 0.25), (1, -1)): 0
((0, 2, 0.027777777777777776, 0.25), (1, 0)): 0
((0, 2, 0.027777777777777776, 0.25), (1, 1)): 0
((0, 2, 0.027777777777777776, 0.25), 'bomb'): 0
((0, 2, 0.02040816326530612, 0.2), (0, -1)): 0
((0, 2, 0.02040816326530612, 0.2), (0, 1)): 0
((0, 2, 0.02040816326530612, 0.2), (1, -1)): 0
((0, 2, 0.02040816326530612, 0.2), (1, 0)): -3.0
((0, 2, 0.02040816326530612, 0.2), (1, 1)): 0
((0, 2, 0.02040816326530612, 0.2), 'bomb'): 0
((0, 1, 0.008264462809917356, 0.5), (-1, -1)): 0
((0, 1, 0.008264462809917356, 0.5), (-1, 0)): 0
((0, 1, 0.008264462809917356, 0.5), (-1, 1)): -3.0
((0, 1, 0.008264462809917356, 0.5), (0, -1)): 0
((0, 1, 0.008264462809917356, 0.5), (0, 1)): 0
((0, 1, 0.008264462809917356, 0.5), (1, -1)): 0
((0, 1, 0.008264462809917356, 0.5), (1, 0)): 0
((0, 1, 0.008264462809917356, 0.5), (1, 1)): 0
((0, 1, 0.008264462809917356, 0.5), 'bomb'): 0
((1, 3, 0.02040816326530612, 0.5), (-1, 0)): 0.0
((1, 3, 0.02040816326530612, 0.5), (-1, 1)): 0.0
((1, 3, 0.02040816326530612, 0.5), (0, -1)): 0.0
((1, 3, 0.02040816326530612, 0.5), (0, 1)): 0
((1, 3, 0.02040816326530612, 0.5), (1, -1)): 0
((1, 3, 0.02040816326530612, 0.5), (1, 0)): 0
((1, 3, 0.02040816326530612, 0.5), (1, 1)): 0
((3, 1, 0.027777777777777776, 0.5), (-1, -1)): 0
((3, 1, 0.027777777777777776, 0.5), (-1, 0)): 0
((3, 1, 0.027777777777777776, 0.5), (-1, 1)): 0
((3, 1, 0.027777777777777776, 0.5), (0, -1)): 0
((3, 1, 0.027777777777777776, 0.5), (0, 1)): 0
((3, 1, 0.027777777777777776, 0.5), (1, -1)): 0
((3, 1, 0.027777777777777776, 0.5), (1, 0)): -3.0
((3, 1, 0.027777777777777776, 0.5), (1, 1)): 0
((0, 3, 0.01, 1.0), (-1, -1)): 0
((0, 3, 0.01, 1.0), (-1, 0)): 0
((0, 3, 0.01, 1.0), (0, -1)): 0.0
((0, 3, 0.01, 1.0), (1, -1)): 0
((0, 3, 0.01, 1.0), (1, 0)): 0
((0, 3, 0.01, 1.0), 'bomb'): 0
((1, 3, 0.008264462809917356, 0.3333333333333333), (-1, -1)): 0
((1, 3, 0.008264462809917356, 0.3333333333333333), (-1, 0)): 0
((1, 3, 0.008264462809917356, 0.3333333333333333), (-1, 1)): 0.0
((1, 3, 0.008264462809917356, 0.3333333333333333), (0, -1)): 0
((1, 3, 0.008264462809917356, 0.3333333333333333), (0, 1)): 0
((1, 3, 0.008264462809917356, 0.3333333333333333), (1, -1)): 0
((1, 3, 0.008264462809917356, 0.3333333333333333), (1, 0)): 0
((1, 3, 0.008264462809917356, 0.3333333333333333), (1, 1)): 0
((4, 3, 0.015625, 1.0), (-1, -1)): 0.0
((4, 3, 0.015625, 1.0), (-1, 1)): 0
((4, 3, 0.015625, 1.0), (0, -1)): 0.0
((4, 3, 0.015625, 1.0), (0, 1)): 0
((4, 3, 0.015625, 1.0), (1, -1)): 0
((4, 3, 0.015625, 1.0), (1, 0)): 0
((4, 3, 0.015625, 1.0), (1, 1)): 0.0
((3, 3, 0.012345679012345678, 0.5), (-1, -1)): 0
((3, 3, 0.012345679012345678, 0.5), (-1, 0)): 0.0
((3, 3, 0.012345679012345678, 0.5), (0, -1)): 0
((3, 3, 0.012345679012345678, 0.5), (0, 1)): 0
((3, 3, 0.012345679012345678, 0.5), (1, -1)): 0
((3, 3, 0.012345679012345678, 0.5), (1, 0)): 0
((3, 3, 0.012345679012345678, 0.5), (1, 1)): 0
((6, 2, 0.02040816326530612, 0.3333333333333333), (-1, -1)): 0.0
((6, 2, 0.02040816326530612, 0.3333333333333333), (-1, 0)): 0
((6, 2, 0.02040816326530612, 0.3333333333333333), (-1, 1)): 0
((6, 2, 0.02040816326530612, 0.3333333333333333), (0, -1)): 0
((6, 2, 0.02040816326530612, 0.3333333333333333), (0, 1)): 0
((6, 2, 0.02040816326530612, 0.3333333333333333), (1, -1)): 0
((6, 2, 0.02040816326530612, 0.3333333333333333), (1, 0)): 0
((6, 2, 0.02040816326530612, 0.3333333333333333), (1, 1)): 0
((0, 2, 0.02040816326530612, 1.0), (-1, 0)): 0
((0, 2, 0.02040816326530612, 1.0), (-1, 1)): 0
((0, 2, 0.02040816326530612, 1.0), (0, 1)): 0
((0, 2, 0.02040816326530612, 1.0), (1, -1)): 0
((0, 2, 0.02040816326530612, 1.0), (1, 0)): 0
((0, 2, 0.02040816326530612, 1.0), (1, 1)): 0
((0, 2, 0.02040816326530612, 1.0), 'bomb'): 0.0
((0, 3, 0.027777777777777776, 1.0), (-1, -1)): 0
((0, 3, 0.027777777777777776, 1.0), (-1, 0)): 0.0
((0, 3, 0.027777777777777776, 1.0), (0, -1)): 0
((0, 3, 0.027777777777777776, 1.0), (1, -1)): 0
((0, 3, 0.027777777777777776, 1.0), (1, 0)): 0.0
((0, 3, 0.027777777777777776, 1.0), 'bomb'): 0
((0, 3, 0.015625, 0.5), (-1, -1)): 0.0
((0, 3, 0.015625, 0.5), (-1, 0)): 0
((0, 3, 0.015625, 0.5), (-1, 1)): 0
((0, 3, 0.015625, 0.5), (0, -1)): 0
((0, 3, 0.015625, 0.5), (0, 1)): 0.0
((0, 3, 0.015625, 0.5), 'bomb'): 0
((1, 3, 0.0625, 1.0), (-1, -1)): 0.0
((1, 3, 0.0625, 1.0), (-1, 0)): 0
((1, 3, 0.0625, 1.0), (-1, 1)): 0
((1, 3, 0.0625, 1.0), (0, -1)): 0
((1, 3, 0.0625, 1.0), (0, 1)): 0
((1, 3, 0.0625, 1.0), (1, -1)): 0
((1, 3, 0.0625, 1.0), (1, 1)): 0
((1, 2, 0.04, 0.3333333333333333), (-1, -1)): 0
((1, 2, 0.04, 0.3333333333333333), (-1, 0)): 0
((1, 2, 0.04, 0.3333333333333333), (-1, 1)): 0
((1, 2, 0.04, 0.3333333333333333), (0, -1)): 0
((1, 2, 0.04, 0.3333333333333333), (0, 1)): 0.0
((1, 2, 0.04, 0.3333333333333333), (1, -1)): 0
((1, 2, 0.04, 0.3333333333333333), (1, 0)): 0
((1, 2, 0.04, 0.3333333333333333), (1, 1)): 0
((2, 1, 0.04, 0.5), (-1, -1)): 0
((2, 1, 0.04, 0.5), (-1, 0)): 0
((2, 1, 0.04, 0.5), (-1, 1)): 0
((2, 1, 0.04, 0.5), (0, -1)): 0
((2, 1, 0.04, 0.5), (0, 1)): 0
((2, 1, 0.04, 0.5), (1, -1)): 0
((2, 1, 0.04, 0.5), (1, 0)): 0
((2, 1, 0.04, 0.5), (1, 1)): -3.0
((0, 1, 0.027777777777777776, 0.3333333333333333), (-1, -1)): 0
((0, 1, 0.027777777777777776, 0.3333333333333333), (-1, 0)): 0
((0, 1, 0.027777777777777776, 0.3333333333333333), (-1, 1)): -3.0
((0, 1, 0.027777777777777776, 0.3333333333333333), (0, -1)): -3.0
((0, 1, 0.027777777777777776, 0.3333333333333333), (0, 1)): 0
((0, 1, 0.027777777777777776, 0.3333333333333333), (1, -1)): 0
((0, 1, 0.027777777777777776, 0.3333333333333333), (1, 0)): 0
((0, 1, 0.027777777777777776, 0.3333333333333333), (1, 1)): 0
((0, 1, 0.027777777777777776, 0.3333333333333333), 'bomb'): 0
((2, 2, 0.04, 0.5), (-1, -1)): 0
((2, 2, 0.04, 0.5), (-1, 0)): 0
((2, 2, 0.04, 0.5), (-1, 1)): 0
((2, 2, 0.04, 0.5), (0, -1)): 0
((2, 2, 0.04, 0.5), (0, 1)): 0
((2, 2, 0.04, 0.5), (1, -1)): 0.0
((2, 2, 0.04, 0.5), (1, 0)): 0
((1, 1, 0.027777777777777776, 0.5), (-1, -1)): -3.0
((1, 1, 0.027777777777777776, 0.5), (-1, 0)): 0
((1, 1, 0.027777777777777776, 0.5), (-1, 1)): 0
((1, 1, 0.027777777777777776, 0.5), (0, -1)): 0
((1, 1, 0.027777777777777776, 0.5), (0, 1)): 0
((1, 1, 0.027777777777777776, 0.5), (1, -1)): 0
((1, 1, 0.027777777777777776, 0.5), (1, 0)): 0
((1, 1, 0.027777777777777776, 0.5), (1, 1)): 0
((0, 3, 0.027777777777777776, 0.2), (-1, -1)): 0
((0, 3, 0.027777777777777776, 0.2), (-1, 0)): 0
((0, 3, 0.027777777777777776, 0.2), (-1, 1)): 0
((0, 3, 0.027777777777777776, 0.2), (0, -1)): 0
((0, 3, 0.027777777777777776, 0.2), (0, 1)): 0.0
((0, 3, 0.027777777777777776, 0.2), (1, -1)): 0
((0, 3, 0.027777777777777776, 0.2), (1, 0)): 0
((0, 3, 0.027777777777777776, 0.2), (1, 1)): 0
((0, 3, 0.027777777777777776, 0.2), 'bomb'): 0
((0, 3, 0.027777777777777776, 0.16666666666666666), (-1, -1)): 0
((0, 3, 0.027777777777777776, 0.16666666666666666), (-1, 0)): 0
((0, 3, 0.027777777777777776, 0.16666666666666666), (0, -1)): 0
((0, 3, 0.027777777777777776, 0.16666666666666666), (1, -1)): 0
((0, 3, 0.027777777777777776, 0.16666666666666666), (1, 0)): 0.0
((0, 3, 0.027777777777777776, 0.16666666666666666), 'bomb'): 0
((0, 2, 0.04, 0.2), (-1, -1)): 0
((0, 2, 0.04, 0.2), (-1, 0)): 0
((0, 2, 0.04, 0.2), (0, -1)): 0.0
((0, 2, 0.04, 0.2), (1, -1)): 0
((0, 2, 0.04, 0.2), (1, 0)): 0
((0, 2, 0.04, 0.2), 'bomb'): 0
((0, 1, 0.04, 0.25), (-1, -1)): 0
((0, 1, 0.04, 0.25), (-1, 0)): 0
((0, 1, 0.04, 0.25), (-1, 1)): 0
((0, 1, 0.04, 0.25), (0, -1)): 0
((0, 1, 0.04, 0.25), (0, 1)): 0
((0, 1, 0.04, 0.25), (1, -1)): -3.0
((0, 1, 0.04, 0.25), (1, 0)): 0
((0, 1, 0.04, 0.25), (1, 1)): 0
((0, 1, 0.04, 0.25), 'bomb'): 0
((0, 1, 0.04, 0.5), (1, 1)): 0
((0, 1, 0.04, 1.0), (-1, -1)): 0
((0, 1, 0.04, 1.0), (-1, 0)): 0
((0, 1, 0.04, 1.0), (-1, 1)): 0
((0, 1, 0.04, 1.0), (0, -1)): 0
((0, 1, 0.04, 1.0), (1, -1)): 0
((0, 1, 0.04, 1.0), (1, 0)): 0
((0, 1, 0.04, 1.0), 'bomb'): -3.0
((2, 3, 0.006944444444444444, 1.0), (-1, -1)): 0.0
((2, 3, 0.006944444444444444, 1.0), (-1, 0)): 0
((2, 3, 0.006944444444444444, 1.0), (-1, 1)): 0
((2, 3, 0.006944444444444444, 1.0), (0, -1)): 0
((2, 3, 0.006944444444444444, 1.0), (0, 1)): 0
((2, 3, 0.006944444444444444, 1.0), (1, -1)): 0
((2, 3, 0.006944444444444444, 1.0), (1, 1)): 0
((3, 2, 0.006944444444444444, 0.5), (-1, -1)): 0
((3, 2, 0.006944444444444444, 0.5), (-1, 0)): 0
((3, 2, 0.006944444444444444, 0.5), (-1, 1)): 0
((3, 2, 0.006944444444444444, 0.5), (0, -1)): 0
((3, 2, 0.006944444444444444, 0.5), (0, 1)): -3.0
((3, 2, 0.006944444444444444, 0.5), (1, -1)): 0
((3, 2, 0.006944444444444444, 0.5), (1, 0)): 0
((3, 2, 0.006944444444444444, 0.5), (1, 1)): 0
((1, 3, 0.0625, 0.5), (-1, -1)): 0
((1, 3, 0.0625, 0.5), (-1, 0)): 0
((1, 3, 0.0625, 0.5), (-1, 1)): 0
((1, 3, 0.0625, 0.5), (0, -1)): 0
((1, 3, 0.0625, 0.5), (0, 1)): 0.0
((1, 3, 0.0625, 0.5), (1, 0)): 0
((1, 3, 0.0625, 0.5), (1, 1)): 0
((2, 3, 0.0625, 0.3333333333333333), (-1, -1)): 0
((2, 3, 0.0625, 0.3333333333333333), (-1, 0)): 0
((2, 3, 0.0625, 0.3333333333333333), (-1, 1)): 0
((2, 3, 0.0625, 0.3333333333333333), (0, -1)): 0
((2, 3, 0.0625, 0.3333333333333333), (0, 1)): 0.0
((2, 3, 0.0625, 0.3333333333333333), (1, -1)): 0
((2, 3, 0.0625, 0.3333333333333333), (1, 0)): 0
((2, 3, 0.0625, 0.3333333333333333), (1, 1)): 0
((3, 3, 0.0625, 0.25), (-1, -1)): 0
((3, 3, 0.0625, 0.25), (-1, 0)): 0
((3, 3, 0.0625, 0.25), (0, -1)): 0
((3, 3, 0.0625, 0.25), (1, -1)): 0
((3, 3, 0.0625, 0.25), (1, 0)): 0.0
((1, 2, 0.04, 1.0), (-1, -1)): 0
((1, 2, 0.04, 1.0), (-1, 0)): 0
((1, 2, 0.04, 1.0), (-1, 1)): 0
((1, 2, 0.04, 1.0), (0, -1)): 0
((1, 2, 0.04, 1.0), (1, -1)): 0
((1, 2, 0.04, 1.0), (1, 0)): 0.0
((2, 2, 0.015625, 1.0), (-1, 0)): 0
((4, 2, 0.015625, 1.0), (-1, -1)): 0
((4, 2, 0.015625, 1.0), (-1, 0)): -3.0
((4, 2, 0.015625, 1.0), (0, -1)): 0
((1, 2, 0.005917159763313609, 1.0), (-1, -1)): 0
((1, 2, 0.005917159763313609, 1.0), (-1, 0)): 0
((1, 2, 0.005917159763313609, 1.0), (-1, 1)): 0
((1, 2, 0.005917159763313609, 1.0), (0, -1)): 0
((1, 2, 0.005917159763313609, 1.0), (1, -1)): 0.0
((1, 2, 0.005917159763313609, 1.0), (1, 0)): 0
((2, 3, 0.00510204081632653, 0.5), (-1, -1)): 0
((2, 3, 0.00510204081632653, 0.5), (-1, 0)): 0
((2, 3, 0.00510204081632653, 0.5), (-1, 1)): 0
((2, 3, 0.00510204081632653, 0.5), (0, -1)): 0
((2, 3, 0.00510204081632653, 0.5), (0, 1)): 0
((2, 3, 0.00510204081632653, 0.5), (1, -1)): 0.0
((2, 3, 0.00510204081632653, 0.5), (1, 0)): 0
((2, 3, 0.00510204081632653, 0.5), (1, 1)): 0
((5, 3, 0.012345679012345678, 1.0), (-1, -1)): 0
((5, 3, 0.012345679012345678, 1.0), (-1, 0)): 0
((5, 3, 0.012345679012345678, 1.0), (0, -1)): 0
((5, 3, 0.012345679012345678, 1.0), (1, -1)): 0
((5, 3, 0.012345679012345678, 1.0), (1, 0)): 0.0
((5, 3, 0.012345679012345678, 1.0), (1, 1)): 0
((4, 2, 0.012345679012345678, 0.5), (-1, -1)): 0
((4, 2, 0.012345679012345678, 0.5), (-1, 0)): 0
((4, 2, 0.012345679012345678, 0.5), (0, -1)): 0
((4, 2, 0.012345679012345678, 0.5), (0, 1)): 0
((4, 2, 0.012345679012345678, 0.5), (1, -1)): 0
((4, 2, 0.012345679012345678, 0.5), (1, 0)): 0
((4, 2, 0.012345679012345678, 0.5), (1, 1)): -3.0
((0, 3, 0.015625, 1.0), (-1, 0)): 0
((0, 2, 0.012345679012345678, 0.3333333333333333), (1, -1)): 0
((0, 2, 0.012345679012345678, 0.3333333333333333), (1, 0)): 0.0
((0, 2, 0.012345679012345678, 0.3333333333333333), (1, 1)): 0
((0, 1, 0.012345679012345678, 0.3333333333333333), (-1, -1)): 0
((0, 1, 0.012345679012345678, 0.3333333333333333), (-1, 0)): 0
((0, 1, 0.012345679012345678, 0.3333333333333333), (-1, 1)): -3.0
((0, 1, 0.012345679012345678, 0.3333333333333333), (0, -1)): 0
((0, 1, 0.012345679012345678, 0.3333333333333333), (0, 1)): 0
((0, 1, 0.012345679012345678, 0.3333333333333333), (1, -1)): 0
((0, 1, 0.012345679012345678, 0.3333333333333333), (1, 0)): 0
((0, 1, 0.012345679012345678, 0.3333333333333333), (1, 1)): 0
((0, 1, 0.012345679012345678, 0.3333333333333333), 'bomb'): 0
((0, 2, 0.008264462809917356, 0.3333333333333333), (-1, -1)): 0
((0, 2, 0.008264462809917356, 0.3333333333333333), (-1, 0)): 0
((0, 2, 0.008264462809917356, 0.3333333333333333), (-1, 1)): 0
((0, 2, 0.008264462809917356, 0.3333333333333333), (0, -1)): 0
((0, 2, 0.008264462809917356, 0.3333333333333333), (0, 1)): -3.0
((0, 2, 0.008264462809917356, 0.3333333333333333), (1, -1)): 0
((0, 2, 0.008264462809917356, 0.3333333333333333), (1, 0)): 0
((0, 2, 0.008264462809917356, 0.3333333333333333), (1, 1)): 0
((0, 2, 0.008264462809917356, 0.3333333333333333), 'bomb'): 0
((1, 3, 0.012345679012345678, 1.0), (-1, -1)): 0.0
((1, 3, 0.012345679012345678, 1.0), (-1, 0)): 0.0
((1, 3, 0.012345679012345678, 1.0), (0, -1)): 0
((1, 3, 0.012345679012345678, 1.0), (1, -1)): 0
((1, 3, 0.012345679012345678, 1.0), (1, 0)): 0
((1, 3, 0.012345679012345678, 1.0), (1, 1)): 0
((1, 2, 0.012345679012345678, 1.0), (-1, -1)): 0
((1, 2, 0.012345679012345678, 1.0), (-1, 0)): 0
((1, 2, 0.012345679012345678, 1.0), (0, -1)): 0
((1, 2, 0.012345679012345678, 1.0), (1, -1)): 0
((1, 2, 0.012345679012345678, 1.0), (1, 0)): 0.0
((1, 2, 0.012345679012345678, 1.0), (1, 1)): 0
((1, 2, 0.012345679012345678, 0.5), (-1, -1)): 0
((1, 2, 0.012345679012345678, 0.5), (-1, 0)): 0
((1, 2, 0.012345679012345678, 0.5), (0, -1)): 0.0
((1, 2, 0.012345679012345678, 0.5), (0, 1)): 0
((1, 2, 0.012345679012345678, 0.5), (1, -1)): 0
((1, 2, 0.012345679012345678, 0.5), (1, 0)): 0
((1, 2, 0.012345679012345678, 0.5), (1, 1)): 0
((1, 1, 0.012345679012345678, 1.0), (-1, -1)): 0
((1, 1, 0.012345679012345678, 1.0), (-1, 0)): 0
((1, 1, 0.012345679012345678, 1.0), (0, -1)): -3.0
((1, 1, 0.012345679012345678, 1.0), (1, -1)): 0
((1, 1, 0.012345679012345678, 1.0), (1, 0)): 0
((1, 1, 0.012345679012345678, 1.0), (1, 1)): 0
((0, 3, 0.015625, 0.5), (1, -1)): 0
((0, 3, 0.015625, 0.5), (1, 0)): 0
((0, 3, 0.015625, 0.5), (1, 1)): 0
((0, 3, 0.015625, 0.3333333333333333), (-1, -1)): 0
((0, 3, 0.015625, 0.3333333333333333), (-1, 0)): 0
((0, 3, 0.015625, 0.3333333333333333), (-1, 1)): 0
((0, 3, 0.015625, 0.3333333333333333), (0, -1)): 0
((0, 3, 0.015625, 0.3333333333333333), (0, 1)): 0
((0, 3, 0.015625, 0.3333333333333333), (1, -1)): 0
((0, 3, 0.015625, 0.3333333333333333), (1, 0)): 0
((0, 3, 0.015625, 0.3333333333333333), (1, 1)): 0
((0, 3, 0.015625, 0.3333333333333333), 'bomb'): 0.0
((1, 3, 0.02040816326530612, 0.5), (-1, -1)): 0
((5, 3, 0.0625, 1.0), (-1, -1)): 0
((5, 3, 0.0625, 1.0), (-1, 0)): 0
((5, 3, 0.0625, 1.0), (-1, 1)): 0
((5, 3, 0.0625, 1.0), (0, -1)): 0
((5, 3, 0.0625, 1.0), (0, 1)): 0.0
((5, 3, 0.0625, 1.0), (1, -1)): 0
((5, 3, 0.0625, 1.0), (1, 1)): 0
((6, 2, 0.0625, 0.5), (-1, -1)): 0
((6, 2, 0.0625, 0.5), (-1, 0)): 0
((6, 2, 0.0625, 0.5), (-1, 1)): 0
((6, 2, 0.0625, 0.5), (0, -1)): 0
((6, 2, 0.0625, 0.5), (0, 1)): -3.0
((6, 2, 0.0625, 0.5), (1, 0)): 0
((6, 2, 0.0625, 0.5), (1, 1)): 0
